四等水准测量视线长度符合要求！
前后视距差符合精度要求！
视距累积差符合精度要求！
红黑面高差之差符合精度要求！

水准路线全长为：1278.9
高差闭合差为：0.0085

B点改正前的高程为：43.296
C点改正前的高程为：45.481
D点改正前的高程为：50.974
E点改正前的高程为：53.081
F点改正前的高程为：50.450
G点改正前的高程为：43.991

B点改正后的高程为：43.295
C点改正后的高程为：45.479
D点改正后的高程为：50.970
E点改正后的高程为：53.075
F点改正后的高程为：50.444
G点改正后的高程为：43.984

备注行列数据如下：
[1629.0, 1613.0, 1570.0, 1622.0, 1485.0, 1400.0, 1650.0, 1712.0, 1729.0, 1625.0, 1690.0, 1370.0, 785.0, 510.0, 229.0, 505.0, 465.0, 145.0, 58.0, 473.0, 360.0, 710.0, 911.0]
[1950.0, 1965.0, 1855.0, 1942.0, 1815.0, 1845.0, 1925.0, 1939.0, 1976.0, 1923.0, 1941.0, 1623.0, 1034.0, 811.0, 519.0, 730.0, 708.0, 384.0, 321.0, 688.0, 611.0, 955.0, 1169.0]
[1788.0, 1787.0, 1710.0, 1786.0, 1650.0, 1622.0, 1789.0, 1825.0, 1851.0, 1776.0, 1822.0, 1496.0, 911.0, 659.0, 372.0, 616.0, 585.0, 263.0, 190.0, 580.0, 486.0, 833.0, 1040.0]
[950.0, 990.0, 845.0, 750.0, 870.0, 295.0, 55.0, 295.0, 362.0, 10.0, 560.0, 1202.0, 1611.0, 1694.0, 1670.0, 1500.0, 1578.0, 1605.0, 1689.0, 1755.0, 1740.0, 1130.0, 1075.0]
[1260.0, 1356.0, 1150.0, 1090.0, 1218.0, 750.0, 325.0, 538.0, 590.0, 310.0, 790.0, 1475.0, 1839.0, 1972.0, 1990.0, 1710.0, 1812.0, 1835.0, 1942.0, 1940.0, 1995.0, 1400.0, 1350.0]
[1105.0, 1176.0, 998.0, 918.0, 1043.0, 518.0, 190.0, 411.0, 476.0, 160.0, 680.0, 1335.0, 1721.0, 1834.0, 1830.0, 1605.0, 1702.0, 1720.0, 1815.0, 1850.0, 1863.0, 1267.0, 1211.0]
[5892.0, 5960.0, 5785.0, 5703.0, 5829.0, 5305.0, 4975.0, 5196.0, 5262.0, 4945.0, 5469.0, 6125.0, 6510.0, 6621.0, 6615.0, 6390.0, 6490.0, 6508.0, 6602.0, 6635.0, 6649.0, 6052.0, 6000.0]
[6575.0, 6571.0, 6495.0, 6570.0, 6435.0, 6406.0, 6576.0, 6613.0, 6636.0, 6564.0, 6610.0, 6283.0, 5697.0, 5448.0, 5159.0, 5402.0, 5370.0, 5051.0, 4975.0, 5368.0, 5274.0, 5620.0, 5828.0]
[32.1, 35.2, 28.5, 32.0, 33.0, 44.5, 27.5, 22.7, 24.7, 29.8, 25.1, 25.3, 24.9, 30.1, 29.0, 22.5, 24.3, 23.9, 26.3, 21.5, 25.1, 24.5, 25.8]
[31.0, 36.6, 30.5, 34.0, 34.8, 45.5, 27.0, 24.3, 22.8, 30.0, 23.0, 27.3, 22.8, 27.8, 32.0, 21.0, 23.4, 23.0, 25.3, 18.5, 25.5, 27.0, 27.5]
[1.1, -1.4, -2.0, -2.0, -1.8, -1.0, 0.5, -1.6, 1.9, -0.2, 2.1, -2.0, 2.1, 2.3, -3.0, 1.5, 0.9, 0.9, 1.0, 3.0, -0.4, -2.5, -1.7]
[1.1, -0.3, -2.3, -4.3, -6.1, -7.1, -6.6, -8.2, -6.3, -6.5, -4.4, -6.4, -4.3, -2.0, -5.0, -3.5, -2.6, -1.7, -0.7, 2.3, 1.9, -0.6, -2.3]
[0.0, 3.0, 0.0, 2.0, 1.0, 0.0, 2.0, 2.0, 1.0, 2.0, -2.0, -3.0, -2.0, 0.0, 2.0, 2.0, -1.0, -1.0, 0.0, 2.0, 1.0, 2.0, -2.0]
[0.0, 3.0, 2.0, 3.0, 2.0, 3.0, 0.0, -1.0, 2.0, -1.0, -1.0, 0.0, 1.0, -2.0, 0.0, 1.0, 2.0, -1.0, 2.0, -1.0, -1.0, 0.0, -1.0]
[683.0, 611.0, 712.0, 868.0, 607.0, 1104.0, 1599.0, 1414.0, 1375.0, 1616.0, 1142.0, 161.0, -810.0, -1175.0, -1458.0, -989.0, -1117.0, -1457.0, -1625.0, -1270.0, -1377.0, -434.0, -171.0]
[683.0, 611.0, 710.0, 867.0, 606.0, 1101.0, 1601.0, 1417.0, 1374.0, 1619.0, 1141.0, 158.0, -813.0, -1173.0, -1456.0, -988.0, -1120.0, -1457.0, -1627.0, -1267.0, -1375.0, -432.0, -172.0]
[0.0, 0.0, 2.0, 1.0, 1.0, 3.0, -2.0, -3.0, 1.0, -3.0, 1.0, 3.0, 3.0, -2.0, -2.0, -1.0, 3.0, 0.0, 2.0, -3.0, -2.0, -2.0, 1.0]
[0.683, 0.611, 0.711, 0.8675, 0.6065, 1.1025, 1.6, 1.4155, 1.3745, 1.6175, 1.1415, 0.1595, -0.8115, -1.174, -1.457, -0.9885, -1.1185, -1.457, -1.626, -1.2685, -1.376, -0.433, -0.1715]
